0000
0000
0000
0010
0100
0010
0001
0010
0100
0010
0001
0100
0010
0100
0010
0001
0100
0001
0010
0100
0010
1000
0010
0001
0100
0001
0010
0100
1000
0010
0100
0010
0001
0010
0100
1000
1000
0010
0010
0001
0001
0010
0010
0100
0100
0001
0001
0010
0010
1000
1000
0001
0001
0010
0010
0100
0100
0001
0001
1000
1000
0001
0001
0010
0010
0100
0100
0001
0001
0010
0010
01001
0100
0010
1001
0010
0010
0010
0100
0100
0010
0010
0101
0010
1000
1000
0001
0001
1000
1000
0010
0010
0010
0100
0001
0010
0100
0001
0100
1001
0010
0100
0001
0100
1010
0101
0010
0100
1001
0010
0100
1000
1001
0010
0100
0001
1001
0010
0100
0010
1001
0010
0100
0010
1000
1000
0010
0010
0100
0101
0001
1010
1001
0001
0100
0001
0001
0001
0010
0100
1000
0001
1001
0010
0010
0101
0100
0100
1001
0010
0010
0110
0001
0001
1010
0001
0100
0010
1000
0001
0100
0010
1000
0001
0010
0100
0001
1000
0001
0010 
0100
0001
0100
0001
1000
0001
0010
0100
0100
0010
0010
0001
0100
0001
1000
0010
0001
1000
0001
1000
0010
0100
0010
0001
1000
1000
1000
1000
1001
0001
0001
0001
0011
0010 
0010
0010
0110
0100
0100
0100
1100
1000
1000
1000
1100
0100
0100
0100
0100
0110
0010
0010
0010
0011
0001
0001
0001
0001
0011
0010
0010
0010
0110
0100
0100
0100
0110
0010
0010
0010
0110
0100
0100
0100
0101
0001
0001
0001
0101
0100
0100
0100
0110
0010
0010
0010
0011
0001
0001
0001
0101